706320
348103
53206
651177
398275
535073
446335
145306
503292
382569
198541
332042
6187
59810
660859
101363
412726
570300
605826
371572
295336
395531
331208
167127
4029
257462
17450
432782
579523
80227
412975
361049
157482
466182
35058
284909
24087
481393
430216
256531
157642
357909
588573
599301
417719
272264
429817
559598
136244
58475
224850
160733
454006
285211
327860
458036
542673
74462
619970
415876
590161
326625
70605
41324
86487
541136
55385
546046
316209
214753
96257
203004
301815
413982
95985
13214
686247
254954
301964
551643
313430
255967
441528
61116
541178
63068
248304
106683
137531
161954
522559
21372
488580
322316
498168
304219
157132
282706
143946
202494
497459
675675
134650
92954
383338
666107
541641
92417
214742
572757
373212
528172
557876
108421
318440
121886
606961
566745
228569
473644
22379
480280
224169
240111
96277
16017
544331
688881
27875
417429
620527
254487
115936
48857
76593
228426
8645
347386
320843
658859
213824
423208
480711
500852
531629
528303
622739
432270
388728
144988
199595
140260
625269
152916
109523
450698
604405
383006
162411
632281
94115
76619
180448
645524
560948
257041
167630
569593
333580
488474
251284
547404
640834
461147
341936
466143
283131
693827
627565
671859
132496
556312
541271
486917
2908
650795
666767
607314
327481
122858
533275
150749
199477
442875
89953
489578
429068
257583
352851
56328
475209
604136
332884
409723
358963
403973
605018
371246
391480
526264
65938
253128
105408
607209
469197
108317
280836
429644
444783
337470
552503
890
488219
481132
443765
307324
264390
601985
294059
346394
387466
62949
679682
449502
201824
61477
582627
535995
432724
267788
85091
498662
250068
190499
128703
12946
27968
409540
171742
472751
40690
17925
473641
258061
228210
646558
565385
492600
271376
153124
568146
658842
651545
541508
131176
582522
332138
7484
412197
58542
4424
226440
286356
254492
416939
415059
702910
444908
553751
168333
646811
594441
621730
414133
581654
143620
83523
440719
636221
354899
322996
227199
36573
703693
62388
167750
579895
394526
610706
14924
182220
615130
241364
468576
163302
387456
612787
595365
561516
460219
57378
502007
77492
679108
645292
388299
116409
22496
558170
481782
106547
174846
2661
578593
607692
500521
475495
210419
624199
379881
225344
100099
288691
195860
297827
181145
312468
639767
70190
167664
122818
563040
398824
635782
535829
337796
317761
381390
89444
169612
156852
195992
73610
594985
68265
681302
118339
543760
185402
36218
652793
139898
571790
235164
64910
598769
145461
377379
532216
215652
274195
655034
507844
673019
313649
337353
304496
631410
447895
393940
94702
333899
319084
168313
222565
116501
578767
340904
389413
493321
106274
335886
633219
678064
300202
427282
299666
445664
98341
125562
390468
101688
509749
191992
68388
117078
258498
102036
42168
73
225128
572343
333973
544213
469808
285690
660714
71407
355746
343808
564729
462020
408846
491628
162917
2729
212590
462583
448393
40083
317297
568013
141772
120726
53685
645632
673276
41335
41348
444597
41409
266476
310620
104534
539841
509580
390224
223388
580987
39650
296348
439396
230822
705194
660177
393739
1603
601919
150002
179148
642003
467300
40841
512927
317178
529999
181391
284135
571334
222739
22412
341895
218367
62184
446429
51889
571764
565805
4429
175583
605455
300777
614980
129958
299651
297989
252849
30407
193588
402852
209555
564743
599304
685869
371350
210162
238700
552741
223449
539186
504632
245861
174762
16680
37197
350343
504041
608961
209829
508470
78225
544436
102927
422357
674394
131730
14026
220924
162137
207614
352928
100845
66038
245912
515866
166540
185226
48246
448434
408676
587432
682218
383689
491346
428050
420887
135370
225771
52680
74351
463393
566377
618787
295472
11566
316014
156355
25592
266090
318492
668679
348170
148489
463869
323234
664355
359561
508460
441753
537147
646288
52018
513046
52810
543364
234776
473697
407886
189700
255529
482237
382245
551059
123857
677718
562625
169023
127753
588218
435113
175397
279729
76963
323887
37278
400197
11074
125991
637809
181980
663139
577778
233998
469865
630588
506514
433793
127117
208081
623493
111798
419470
299419
662857
272479
706289
519163
441502
563194
130213
605767
32271
409942
411882
85310
176372
541231
531857
31515
472721
7517
694654
73331
676987
187351
433071
477181
350297
289340
414414
267470
401138
127565
296041
357676
129196
25162
605991
570699
588356
29884
199298
349780
168978
611181
435090
74502
446092
696099
106017
647965
703616
529824
14976
674283
446327
177199
174297
90304
466539
588711
86927
596830
9956
112120
683658
574625
137283
583329
439004
454791
342365
367454
98251
240495
272315
262494
44149
12088
252273
585638
389205
685042
409142
404182
382157
149150
310533
556454
674926
70753
438846
55533
667583
177954
167654
374073
46259
304937
251082
214415
53408
322599
581870
587132
563094
583337
143306
336395
324577
124731
215713
7463
103453
354008
411645
485611
232310
15858
64897
200916
522083
232895
256450
212498
410850
424104
586571
186261
458193
566805
129829
240753
183084
440851
121565
475330
317868
700343
105405
642446
118755
321119
649909
657680
675127
84386
166123
201117
535716
231021
131185
351480
463916
387635
293130
603918
540891
173382
519332
21916
469339
649161
262670
652424
383692
113387
421434
701560
542883
255992
366838
390790
306263
310427
342150
275070
394813
508274
205339
659682
468447
336524
304842
661515
453312
327124
559114
287883
229658
372126
309800
698998
44119
301622
645102
156963
144161
89368
152203
687044
74512
519042
371514
380775
558621
442817
655845
682587
244771
590336
635949
6898
220541
669943
668413
673853
290747
250359
690888
520406
351637
23520
513084
124908
54294
181018
281871
198456
705858
434075
614652
74051
682269
8999
454826
534570
451816
133504
239989
425739
17520
169618
161789
673533
133241
559354
370218
423989
538866
354787
673547
184183
378307
480311
309092
432602
390481
320115
360210
390019
47870
704014
464070
459291
6693
212577
16694
187661
346081
256683
613400
92753
426302
504341
59967
288695
357376
430185
6364
189922
78652
679911
103257
186112
183054
141501
347866
573535
461617
437228
257235
238639
434922
450457
427083
441616
663034
443777
358429
31947
429612
700982
124701
585066
499003
620140
167442
585531
344005
173806
504605
151810
582870
607863
67074
495076
478516
414940
362292
669285
145848
348679
201605
580770
92816
357840
45218
485003
95297
403648
246102
254061
398310
99955
132808
626465
13775
300250
505677
86933
203208
303962
238743
515230
640977
305817
303987
142326
449909
395431
105291
324909
37790
36048
199359
566078
393888
680050
73913
218337
106530
320016
472399
233992
419971
605207
154137
162899
199137
388966
249832
131497
422081
488575
646728
356738
523544
244395
228216
702605
639826
333508
321194
406768
98708
520553
701998
492597
223435
69592
4614
329965
118760
206165
563957
267883
105052
447247
430782
33341
129893
680614
164839
551974
192021
540719
637865
444717
78794
159761
441002
447772
222421
55876
583692
321130
305582
308522
542879
529017
378114
547493
588135
