706320
348103
53206
651177
398275
535073
446335
145306
503292
382569
198541
332042
6187
59810
660859
101363
412726
570300
605826
371572
295336
395531
331208
167127
4029
257462
17450
432782
579523
80227
412975
361049
157482
466182
35058
284909
24087
481393
430216
256531
157642
357909
588573
599301
417719
272264
429817
559598
136244
58475
224850
160733
454006
285211
327860
458036
542673
74462
619970
415876
590161
326625
70605
41324
86487
541136
55385
546046
316209
214753
96257
203004
301815
413982
95985
13214
686247
254954
301964
551643
313430
255967
441528
61116
541178
63068
248304
106683
137531
161954
522559
21372
488580
322316
498168
304219
157132
282706
143946
202494
497459
675675
134650
92954
383338
666107
541641
92417
214742
572757
373212
528172
557876
108421
318440
121886
606961
566745
228569
473644
22379
480280
224169
240111
96277
16017
544331
688881
27875
417429
620527
254487
115936
48857
76593
228426
8645
347386
320843
658859
213824
423208
480711
500852
531629
528303
622739
432270
388728
144988
199595
140260
625269
152916
109523
450698
604405
383006
162411
632281
94115
76619
180448
645524
560948
257041
167630
569593
333580
488474
251284
547404
640834
461147
341936
466143
283131
693827
627565
671859
132496
556312
541271
486917
2908
650795
666767
607314
327481
122858
533275
150749
199477
442875
89953
489578
429068
257583
352851
56328
475209
604136
332884
409723
358963
403973
605018
371246
391480
526264
65938
253128
105408
607209
469197
108317
280836
429644
444783
337470
552503
890
488219
481132
443765
307324
264390
601985
294059
346394
387466
62949
679682
449502
201824
61477
582627
535995
432724
267788
85091
498662
250068
190499
128703
12946
27968
409540
171742
472751
40690
17925
473641
258061
228210
646558
565385
492600
271376
153124
568146
658842
651545
541508
131176
582522
332138
7484
412197
58542
4424
226440
286356
254492
416939
415059
702910
444908
553751
168333
646811
594441
621730
414133
581654
143620
83523
440719
636221
354899
322996
227199
36573
703693
62388
167750
579895
394526
610706
14924
182220
615130
241364
468576
163302
387456
612787
595365
561516
460219
57378
502007
77492
679108
645292
388299
116409
22496
558170
481782
106547
174846
2661
578593
607692
500521
475495
210419
624199
379881
225344
100099
288691
195860
297827
181145
312468
639767
70190
167664
122818
563040
398824
635782
535829
337796
317761
381390
89444
169612
156852
195992
73610
594985
68265
681302
118339
543760
185402
36218
652793
139898
571790
235164
64910
598769
145461
377379
532216
215652
274195
655034
507844
673019
313649
337353
304496
631410
447895
393940
94702
333899
319084
168313
222565
116501
578767
340904
389413
493321
106274
335886
633219
678064
300202
427282
299666
445664
98341
125562
390468
101688
509749
191992
68388
117078
258498
102036
42168
73
225128
572343
333973
544213
469808
285690
660714
71407
355746
343808
564729
462020
408846
491628
162917
2729
212590
462583
448393
40083
317297
568013
141772
120726
53685
645632
673276
41335
41348
444597
41409
266476
310620
104534
539841
509580
390224
223388
580987
39650
296348
439396
230822
705194
660177
393739
1603
601919
150002
179148
642003
467300
40841
512927
317178
529999
181391
284135
571334
222739
22412
341895
218367
62184
446429
51889
571764
565805
4429
175583
605455
300777
614980
129958
299651
297989
252849
30407
193588
402852
209555
564743
599304
685869
371350
210162
238700
552741
223449
539186
504632
245861
174762
16680
37197
350343
504041
608961
209829
508470
78225
544436
102927
422357
674394
131730
14026
220924
162137
207614
352928
100845
66038
245912
515866
166540
185226
48246
448434
408676
587432
682218
383689
491346
428050
420887
135370
225771
52680
74351
463393
566377
618787
295472
11566
316014
156355
25592
266090
318492
668679
348170
148489
463869
323234
664355
359561
508460
441753
537147
646288
52018
513046
52810
543364
234776
473697
407886
189700
255529
482237
382245
551059
123857
677718
562625
169023
127753
588218
435113
175397
279729
76963
323887
37278
400197
11074
125991
637809
181980
663139
577778
233998
469865
630588
506514
433793
127117
208081
623493
111798
419470
299419
662857
272479
706289
519163
441502
563194
130213
605767
32271
409942
411882
85310
176372
541231
531857
31515
472721
7517
694654
73331
676987
187351
433071
477181
350297
289340
414414
267470
401138
127565
296041
357676
129196
25162
605991
570699
588356
29884
199298
349780
168978
611181
435090
74502
446092
696099
106017
647965
703616
529824
14976
674283
446327
177199
174297
90304
466539
588711
86927
596830
9956
112120
683658
574625
137283
583329
439004
454791
342365
367454
98251
240495
272315
262494
44149
12088
252273
585638
389205
685042
409142
404182
382157
149150
310533
556454
674926
70753
438846
55533
667583
177954
167654
374073
46259
304937
251082
214415
53408
322599
581870
587132
563094
583337
143306
336395
324577
124731
215713
7463
103453
354008
411645
485611
232310
15858
64897
200916
522083
232895
256450
212498
410850
424104
586571
186261
458193
566805
129829
240753
183084
440851
121565
475330
317868
700343
105405
642446
118755
321119
649909
657680
675127
84386
166123
201117
535716
231021
131185
351480
463916
387635
293130
603918
540891
173382
519332
21916
469339
649161
262670
652424
383692
113387
421434
701560
542883
255992
366838
390790
306263
310427
342150
275070
394813
508274
205339
659682
468447
336524
304842
661515
453312
327124
559114
287883
229658
372126
309800
698998
44119
301622
645102
156963
144161
89368
152203
687044
74512
519042
371514
380775
558621
442817
655845
682587
244771
590336
635949
6898
220541
669943
668413
673853
290747
250359
690888
520406
351637
23520
513084
124908
54294
181018
281871
198456
705858
434075
614652
74051
682269
8999
454826
534570
451816
133504
239989
425739
17520
169618
161789
673533
133241
559354
370218
423989
538866
354787
673547
184183
378307
480311
309092
432602
390481
320115
360210
390019
47870
704014
464070
459291
6693
212577
16694
187661
346081
256683
613400
92753
426302
504341
59967
288695
357376
430185
6364
189922
78652
679911
103257
186112
183054
141501
347866
573535
461617
437228
257235
238639
434922
450457
427083
441616
663034
443777
358429
31947
429612
700982
124701
585066
499003
620140
167442
585531
344005
173806
504605
151810
582870
607863
67074
495076
478516
414940
362292
669285
145848
348679
201605
580770
92816
357840
45218
485003
95297
403648
246102
254061
398310
99955
132808
626465
13775
300250
505677
86933
203208
303962
238743
515230
640977
305817
303987
142326
449909
395431
105291
324909
37790
36048
199359
566078
393888
680050
73913
218337
106530
320016
472399
233992
419971
605207
154137
162899
199137
388966
249832
131497
422081
488575
646728
356738
523544
244395
228216
702605
639826
333508
321194
406768
98708
520553
701998
492597
223435
69592
4614
329965
118760
206165
563957
267883
105052
447247
430782
33341
129893
680614
164839
551974
192021
540719
637865
444717
78794
159761
441002
447772
222421
55876
583692
321130
305582
308522
542879
529017
378114
547493
588135
226026
482811
174924
493910
587863
622171
218372
350357
481217
628139
244348
326871
113840
78747
258416
287710
157541
147330
22392
334465
369751
78269
211837
690881
113003
249511
256592
642020
627626
533238
252987
582804
309729
427912
370394
626744
72915
317919
270781
554132
239738
515129
610156
82730
593876
597724
370440
480569
38734
121985
108714
408486
635726
49703
122199
42409
299215
378792
413581
655993
205710
666569
261629
244591
117313
632024
165015
190228
679095
435797
473513
212513
680078
377349
24395
567635
268753
123988
71036
36640
245973
615223
445126
610851
394078
296477
653260
422445
404421
360521
101270
339283
320770
362900
583874
167235
288604
478042
357464
261379
207519
560129
203044
616749
231158
662911
207216
229063
80579
278253
265703
55704
187156
439981
666555
310386
465611
342647
26512
163712
703169
127782
232148
46771
490682
545174
214007
508438
316896
300623
63497
253567
154432
702013
163997
114742
658605
371213
72957
468336
378618
338661
253193
294926
507794
648900
605313
267085
285228
631825
159950
11229
488759
392098
58000
273122
666424
1159
75240
277001
301782
574210
259720
185366
569903
152869
29260
522188
524083
102218
13357
631853
170031
266550
220460
677825
209130
119453
238591
494358
480430
398541
505587
262869
519791
292740
265143
479895
293899
340384
486048
324834
643746
39449
239352
507329
627790
268613
52350
445553
99983
65707
100239
270014
61409
320699
676991
270539
169304
209262
494050
378886
336955
22469
641755
150426
44361
636051
359474
67413
705587
139202
392247
643013
614123
631599
444022
535594
629364
225524
3979
458499
20383
104218
22193
81792
154069
699185
81484
323373
637599
575534
702259
268235
327155
366847
147813
100669
25730
507287
168082
24997
375642
560329
668010
283445
214760
134864
548191
573277
360389
281323
325456
380772
385541
76802
462565
268763
505139
273201
321288
436418
577887
46380
433805
198722
413227
581619
299391
168109
382586
467473
193106
51908
50634
154796
64506
700867
18812
612697
567824
379201
187700
186960
489126
302394
699234
680843
571157
498053
247724
621597
228152
119291
667977
391109
47165
104036
266408
75709
272145
648995
543182
465251
430055
322969
349199
494561
317516
368012
130091
179020
476365
46943
95132
259171
78489
88047
669166
378798
315252
210570
294076
543404
59013
255733
663666
106179
359770
223754
181888
631915
601901
454222
119999
325637
506343
469198
549350
117539
566362
408593
25711
336408
455537
120844
324731
534026
644363
287578
206505
253295
227300
500581
525852
15466
49994
483198
121645
138916
632
32685
64512
331686
216059
184511
657323
16083
382861
229505
133622
678376
638099
159334
308464
387316
9330
362347
650494
653693
379077
150679
636140
335530
380412
455672
350996
159559
232550
201793
298475
668655
234478
362987
294021
450537
276650
680496
466620
388664
203681
600243
360720
570932
488729
398336
687400
498059
54363
631575
174584
162593
511406
104404
498123
620971
289229
578271
74210
521779
73744
372685
213266
308222
464825
236439
487911
470627
646087
683684
152971
578921
306759
513691
443533
89168
205707
424614
316379
695543
79021
490963
587288
590427
324519
108243
505078
613748
686514
308440
158360
53938
681126
100778
91312
168783
337218
308375
639410
276985
285739
86062
149586
592498
328905
322272
410818
534613
40566
20877
252988
119587
240992
133956
439166
565512
242199
673397
472940
222393
275517
360452
5483
685795
461231
532267
148258
92129
569794
516821
98266
149214
602883
683325
470864
225468
299277
175363
489233
68995
196240
35901
624054
166385
169857
356900
25577
141208
53129
227669
92753
57799
317274
98236
37274
72185
359655
621005
599786
223130
431506
698052
101496
328069
404209
301512
282689
703486
476875
501075
501633
402268
536976
419367
568653
435986
505420
323382
306346
558549
280203
399100
616348
597477
497336
382775
669662
586144
297460
292280
538426
458118
13165
369074
515339
417374
670586
91708
143693
441142
592783
645326
572562
152592
358374
164047
317730
157474
487429
624076
445175
496784
316856
355204
387942
543345
467131
80436
152321
493743
372717
690747
245541
385882
353501
54560
532408
46919
581740
676101
217213
468204
615108
83455
349948
267162
247502
396830
424636
464083
314586
163491
690020
360595
247847
100794
633092
444130
181230
79093
231553
283099
63520
477094
398133
146173
531654
224222
628564
407075
194003
139458
604431
102791
222913
683531
99105
199568
374041
252893
392803
417779
145537
105655
72054
393384
206449
705146
566667
116832
513391
91900
399931
306063
298147
527217
452236
558953
45119
374481
695180
674594
243091
593291
506538
195156
299654
605643
394724
402847
152217
516680
114307
297754
622335
621833
420290
557937
349812
9789
674769
156883
101690
97532
462947
128989
624749
644335
687942
399020
41648
676803
367295
284739
292926
602985
479896
321733
231460
603772
18260
383677
143284
132567
410583
59300
48081
560026
617237
127045
298967
314838
283928
129809
412370
476027
258798
330800
414043
240421
23500
184843
646376
119947
469583
232982
16612
678631
554715
248073
576083
302128
360902
13048
434695
500638
507820
211928
83496
147889
338973
382463
462727
352054
512273
168777
121761
500223
228729
264956
34324
687702
449800
409852
101329
648535
371987
553414
620846
655854
530639
219761
251662
620693
668281
686358
415011
198933
627438
227659
346822
695564
339275
538701
70450
580700
436631
627683
374603
665360
186320
138080
646742
365272
547932
477224
307487
213599
324318
657485
163134
148637
606398
414796
63010
568360
123986
207174
60973
480577
163985
136948
469821
503260
675649
269423
377640
135112
190786
45924
94153
106258
619476
470047
471530
461088
240951
508169
674688
294421
188486
566974
443058
88565
275450
235221
656925
128589
171547
447050
609166
335532
583998
101819
567945
282480
371242
674737
417592
562028
14341
240897
668287
362969
440097
162649
117738
681048
670819
521578
269150
152985
382232
441360
677022
386834
405733
627627
515423
577280
97510
147421
641965
681508
249240
503590
693140
349634
472007
133565
205343
215501
103614
602782
578470
543711
494583
425360
518440
188234
240618
516742
70372
622850
251782
41074
303365
386668
397854
547940
257628
495364
695362
628745
199704
238282
155167
186525
587917
627175
49242
522412
571828
152856
148026
173130
425720
642609
598491
673312
559996
132789
483734
630368
484792
464668
671442
81837
580488
362976
629777
131797
152020
618819
489694
351725
586254
644862
267402
197003
294869
45796
13095
160377
634124
596593
62659
353524
262034
661150
320516
115710
523092
533402
39758
301564
20903
4881
383401
601391
97009
36010
462340
249030
383982
245715
329907
263916
619729
326461
460919
208278
372257
203166
368655
300061
528911
431314
382738
84625
115297
432406
200336
638389
694961
240094
233633
445016
680447
346186
69239
71137
382196
531580
49319
495330
506447
379226
52926
149008
705687
242997
357286
100776
175315
455093
400837
704226
615559
512727
82532
24536
238814
12020
392077
227455
252114
625710
672471
226242
701048
35390
26531
376925
296122
75850
601407
531721
455076
654334
680729
183595
626483
331695
284371
530951
515940
414360
528857
425180
220768
340541
449716
188734
352561
135474
416189
333828
490336
111492
289222
485065
146882
315753
591142
172157
391603
486229
433030
575831
163395
407440
53106
83559
468287
66629
343662
277908
480989
166199
703088
430909
235893
175636
619643
317606
311110
58664
651434
530599
170156
234336
309344
46191
550089
629638
653820
670844
138699
380530
540355
302095
81650
593461
114806
279090
389242
458468
556998
599384
353819
282918
323973
318864
458554
672769
636471
498817
460585
310737
323096
630742
545074
361592
406085
117995
284910
353585
517992
423609
463267
352027
454856
544918
674641
569662
553160
357563
50962
403838
250627
133934
686756
303753
452798
438990
705674
382949
231487
459939
693687
283735
384361
261593
645327
519598
108740
659389
602335
626732
105831
359283
1592
560687
633353
676233
153182
480193
56628
639616
177711
307256
67230
593619
340161
520029
55441
339515
632130
286929
93134
348649
299816
206648
610242
238824
19926
448135
191893
351414
368547
297724
4377
99291
587564
637730
69204
469898
411603
125833
403194
318466
162241
470425
205765
231554
13286
261206
571069
645416
277287
393355
287746
577104
600003
627140
545080
349082
368955
30653
429648
466655
57530
434025
565946
374246
94587
364303
137824
506190
219288
270170
553808
110681
34275
53253
342235
47561
43611
206984
422130
50051
329491
439028
627155
658647
359848
465915
30561
457956
225720
460209
218291
12402
187914
513389
115800
282501
606844
253624
517843
119812
523795
365331
230493
287222
147736
301880
63936
626819
238016
215218
676870
567508
654246
326857
519835
307774
521924
550396
59410
41325
304285
6853
489199
221351
249395
605000
233004
149919
587776
44527
705204
134403
139010
664849
421626
286746
260410
214714
207245
227578
429932
613268
88766
377858
233805
337753
414784
49410
617301
203347
526207
650738
210200
38238
165769
188747
643238
398773
67819
253847
172452
502175
388250
311462
460704
539028
327360
450266
47422
534606
677845
206506
170706
495763
584364
404511
127197
21981
183073
473650
225328
438432
418069
164680
476671
312990
353428
142741
440916
421247
396588
613368
217102
513991
653983
406958
346699
275023
150905
123274
538781
557902
58932
3167
76497
372449
136831
203694
394430
319904
406497
619758
52017
118246
78118
257840
160388
431546
400581
601304
581945
526322
237505
528199
333993
185168
228838
409844
189343
108895
262270
21805
395949
321203
460444
472446
693652
597275
405293
381762
210860
105470
295200
698349
659188
102470
249869
113256
534017
379602
8241
138794
199604
681218
666994
262749
595538
624984
672594
78561
27559
664016
535838
152660
278899
289963
625106
701703
180918
324079
377145
120930
158701
401497
548431
111569
503968
527452
224826
60817
200735
668539
635083
400339
372589
595757
663089
261807
243573
358515
69520
284
316211
605359
152944
595111
624474
507203
319646
534544
124962
696792
384627
12816
121121
226738
124385
354241
47871
78363
144210
248606
476054
72974
378097
577795
397883
64018
133282
641457
422533
638275
370893
467897
537314
523838
85840
184620
324721
405486
12844
178835
395958
126623
191651
246232
353362
45189
329625
130385
559024
473836
108143
57911
275962
486240
635706
673845
279411
62669
338134
701944
430096
2708
463521
261090
255698
549361
174862
580419
248528
623178
488406
373638
43482
409210
349022
396844
454399
678648
256381
36255
175316
364524
94166
451278
579916
23553
147955
153007
521694
215242
584104
245470
653422
70457
235712
202800
348971
139726
512371
597499
56584
23609
700289
100066
432819
72144
226062
616370
44472
482443
652626
219788
576119
40472
400218
449716
499497
548173
331875
44023
57095
209659
18645
439669
280117
689829
642469
358240
123235
177672
684891
179820
201282
678860
279886
363253
480156
505949
273304
524628
11224
219610
473568
587344
695554
602938
59892
217884
444792
391767
261907
231039
330579
280553
670709
339848
699534
336010
698088
116450
242835
676659
296270
173269
378351
305308
536522
152188
104937
103506
405968
551634
52268
608689
432658
41503
505307
492550
259387
679251
613469
250446
639443
673200
260151
332984
306728
253366
398146
298496
369816
640981
704307
395238
543402
376339
700546
373605
257679
99164
206263
663647
650798
258532
295168
106288
29187
94156
327990
288574
502559
670611
268172
435682
637492
528324
62346
237900
510842
460493
265549
174338
124306
699008
569576
667709
369027
563802
64146
355858
392118
270409
42338
65748
528941
337506
607508
287280
160814
229178
575854
663374
628942
573179
392736
560114
124335
184235
91694
635177
373880
86395
538667
498186
79084
401923
459575
177263
694877
252873
533122
109828
523283
575460
611048
75056
206646
241389
362337
367461
199719
667343
53667
122341
534202
446403
682455
658537
359790
503302
316546
27350
589697
148893
525537
668781
279968
7944
575197
268526
260818
401999
107506
513253
271139
447706
588309
206937
689095
244326
303550
182495
640822
357217
304836
197856
532773
280972
150074
186243
513426
466620
213594
396803
344666
468283
88417
624634
205379
663614
622312
195349
359293
23498
2282
359584
471205
319744
295673
183132
293222
599224
365627
227724
250121
399616
425581
512046
680588
304807
698290
487694
500579
641036
613649
138925
132151
702066
57240
66682
388512
679552
262032
476957
432203
699786
130221
632560
313210
155047
109372
606433
47951
475000
127837
27224
603768
282570
539271
307188
587377
260393
524034
381637
630581
431363
249714
491884
156262
306954
558566
544774
9339
114278
44564
441542
107745
610257
367782
150107
58984
477154
50220
106935
681306
613530
134160
578754
189780
402583
179622
506310
392128
703656
617099
316389
157852
160493
537425
314114
467448
389671
588040
476787
233102
632604
212009
69999
536542
308943
220106
595526
79777
270327
431614
490236
613009
294926
362670
96469
697509
271445
331931
383317
704253
242710
428858
155785
403204
259963
469899
599804
378786
80772
99423
611888
7056
311432
681887
272750
349527
631146
161957
429304
195153
593571
648692
537314
182177
34195
362935
608838
305640
694867
14987
303573
231257
172997
459359
363613
162112
658410
257097
540898
32862
356520
446467
475391
397104
151186
41821
40311
76012
203778
198768
317
526501
141140
537631
437830
610807
629719
69500
210127
618266
519959
242853
143203
692956
431364
235969
148748
383454
493066
418799
145469
143267
594418
620860
540371
39284
391833
309835
550769
324764
508603
280238
144945
378895
547022
311928
283383
470421
381428
222662
382367
630540
465515
254722
617176
626031
490691
495077
32318
277438
207556
177787
149857
95654
527799
419380
570410
213312
458367
144011
538076
696122
424250
412174
368698
264952
17782
381233
29053
128362
333047
140572
488054
527715
395294
398911
447426
615138
623140
479744
621728
559848
386683
65265
655502
643634
213797
248744
150627
672165
392756
417855
661967
110686
123709
53497
104790
576963
163882
133843
434478
496930
274415
216212
318325
398861
344275
59431
36831
261095
268328
658559
114623
384163
452976
499277
321478
395926
41702
472105
361771
163610
183640
46570
3448
36502
100068
108238
342617
263950
242081
70775
54560
245648
16140
102037
373661
360415
596941
410493
350663
158949
91884
194438
543112
274013
693716
158270
669939
464570
359527
325390
357332
272320
371960
360780
37974
201180
469018
380591
465131
4779
180519
248843
685899
196659
350881
82392
286226
676974
222037
636889
129603
313922
125008
401867
587935
547876
289290
551554
306126
377969
606096
663458
650289
271736
317918
417415
202069
516088
91687
667200
520867
1358
645195
229598
198017
18908
311990
213395
695882
534028
143965
554637
577102
704445
685657
187869
546001
268627
33103
581279
646596
639199
267569
319718
640087
585487
30813
135836
395255
557972
532188
645274
559330
200216
604024
486499
654596
645166
699895
644159
202026
573012
221628
72808
571137
200965
260677
139970
469592
22932
14929
139021
391283
282498
187891
54203
597137
654176
625511
15224
505829
180532
389650
87991
380748
16506
303643
329024
661672
26370
702335
157379
328534
217644
665659
193351
418609
655489
62473
617354
678421
77402
50055
92537
89052
237946
146740
415341
621274
65931
430565
420783
681935
549367
237927
356363
565873
270722
414540
250377
26244
139707
407756
354778
357351
96248
548129
505113
45417
610602
416147
452990
417156
195354
545527
235360
162452
421419
650701
77406
216503
104098
227342
192118
653465
465269
548482
242170
465143
692174
492547
491387
125561
629456
139845
212065
19384
417126
10858
64801
50560
427005
517791
196868
622359
86151
432228
78491
507570
376609
155897
17753
209859
112391
209872
592476
306812
487506
128326
65635
473360
350025
286174
328073
273161
426019
540138
21697
572297
550996
86498
622857
833
333442
113405
352344
419593
274785
159987
656315
380546
315885
674069
590405
157428
613093
205713
464241
394279
334039
529876
596791
413217
109731
218544
415530
264902
487835
437228
130880
332511
523726
482889
62497
586320
596295
414841
299593
600232
574829
249589
274459
619866
652810
594016
70974
559583
93410
535215
683014
156601
87924
573485
569818
197655
521181
279029
191709
302696
9937
322589
364360
262815
99159
426857
142816
424606
135378
171561
318518
439359
150302
322129
352905
532264
209826
153032
385527
303236
688247
362221
459837
69851
664858
323336
702978
479720
331517
188368
76096
70606
240109
440456
333421
339268
596465
205389
493026
460996
376951
540697
194035
256405
156506
276093
82350
366332
429125
197029
669568
411052
288403
152238
210056
246941
204726
642186
20341
536243
124234
531910
606849
93496
701518
669422
161916
591664
168492
654943
346340
274595
489320
269527
260152
374978
545620
342502
470463
268425
268684
162863
408630
557087
315101
347838
97708
519827
283704
553522
78902
137091
379112
685751
230587
103462
378006
392503
695126
275650
70278
64298
279397
288750
62978
539549
663729
608598
611204
427872
606176
173568
319887
37638
24335
634989
114628
122043
448496
127484
404717
256551
264575
77509
671454
224314
180972
343140
345970
605250
618790
416248
398701
191867
434151
461679
460569
391560
93109
365453
548584
428437
268173
162151
195227
292508
526292
309855
143703
703941
166492
548421
254172
160219
355082
219306
384534
265206
291599
459656
599609
204069
169584
291990
125089
603735
482821
314810
18127
305082
680263
295863
462672
677588
187167
387051
263776
442611
426059
136631
440232
592551
414204
423556
46450
62967
642863
160136
57325
228142
619792
656934
161363
518529
678076
15604
145096
454577
330414
598696
488812
33509
188239
680636
4777
104558
361367
704025
276322
81106
134337
10234
673657
548541
433791
13788
340660
99486
609396
397986
56780
522869
348600
653615
335078
320357
669220
480174
504086
22466
372550
15730
55976
289942
696366
496225
123652
351414
493931
399974
161672
357420
139361
129010
635113
302304
578270
269454
401790
481346
396592
187722
27047
38872
135017
362125
88381
533389
135980
321620
555856
237682
337350
611832
527624
56549
130889
380429
137115
624820
74083
298787
275920
213444
156949
204714
515748
28899
203320
646690
239398
599912
128092
266445
367936
698582
628571
456318
525651
493703
507090
375187
460537
573592
9851
10994
630141
140741
391423
60936
494713
194658
88876
499786
408103
245825
433652
653003
3877
636972
322526
243275
259716
450618
509720
627652
172032
161123
106802
697684
383978
613892
95703
573668
481165
541027
584662
134138
681768
705237
630547
199313
193575
13103
699099
330830
258928
426431
6666
262805
86235
329192
235232
345951
508962
474105
702756
680995
635228
103238
672359
42039
446283
497214
615707
656600
331921
223201
519890
36521
222118
444117
235835
415693
457220
664086
475676
445301
384198
482342
437258
199585
105214
401643
274689
614176
169428
271125
588851
533808
103515
284042
304999
278950
74937
214386
229230
136010
437587
478273
172532
388857
216070
408367
98231
402443
366133
573907
576896
479483
349929
36986
679069
184295
438629
247438
92151
608057
247715
681003
164698
351230
694197
469697
359333
62814
413236
317715
198825
579975
89668
100509
262513
305739
508876
89896
437334
604161
392955
307910
106477
472036
344896
514698
656331
77206
491288
42162
414415
32683
452317
579113
113065
440195
342491
472398
232161
49407
519266
160138
629382
608934
260647
621047
208353
63203
4623
645687
396517
397578
682749
232146
163294
321326
40524
113305
127684
531812
590940
542099
293647
336937
144045
135864
506284
486536
337415
32126
265095
150361
192264
623629
52975
452912
538357
696801
245267
542980
365320
370936
669711
341750
603082
126685
392228
643606
675463
519912
198250
560083
355691
221049
626172
499736
86066
426137
9104
423481
458263
3351
302994
379679
626981
85121
126271
188170
75602
100691
460302
170075
471627
423693
511825
368390
279531
633205
34828
684146
446797
668551
537909
531640
618752
186913
54209
704818
613050
63313
151131
94145
502137
183277
202977
151950
268399
329248
340120
73153
159091
529574
243228
630719
682420
484205
21941
691103
411090
492241
668929
587039
454472
229670
412360
96057
416583
466569
530027
52466
259034
681159
582083
490323
593588
78740
642273
155667
137141
5225
228821
296232
263952
201201
656103
240052
685407
678044
224835
119329
463966
187444
49
647590
417114
141561
37327
562849
608130
567355
615315
596316
271346
220231
380320
158614
298971
45425
314282
165264
486123
272255
461497
43755
473456
140432
283807
181695
112157
237794
301025
576123
425238
30226
517393
571504
171787
554721
428033
509069
144908
66181
128217
416254
286412
237689
574868
314535
283115
618302
208952
498390
184237
399601
542145
386846
540033
119632
568541
652190
86578
598718
251145
511816
628944
62219
106152
529883
346092
263337
332632
220152
329518
190002
636406
345082
427691
234106
388770
439958
146089
597722
232028
59478
20155
503325
446324
560188
352109
37698
506059
438687
636416
50884
679655
288193
548575
79487
111756
623819
342825
173541
137651
401495
92695
503209
475730
520386
30996
593652
689497
612557
214206
650677
672035
234361
447683
141192
88229
93472
178890
323440
532160
544458
103477
505495
126331
381204
314135
673560
298704
656960
576253
165507
81287
668948
668717
557017
483014
699713
173501
195343
605950
387707
139701
300817
622068
316536
171161
439450
410008
79203
56570
671320
623662
595519
470496
479145
270404
513783
175537
298260
193575
45470
463767
274862
8098
426164
561032
220265
419557
28213
415608
48339
415921
284461
78309
331669
600997
249470
64799
304686
57826
556842
705158
681488
446041
198486
183465
445597
5949
359003
37537
199524
133625
501305
474387
141724
221149
58251
361989
369859
86464
506749
147350
502385
84891
661131
563207
685888
204282
357158
13406
262108
207680
12245
672748
382874
210731
585365
122151
216681
673520
159689
416205
100826
390146
619744
678022
611295
677995
333691
3986
58140
134120
586809
289677
654483
541620
582036
634052
475054
232875
376610
30842
169707
388855
432742
281733
328739
40940
133037
545420
8140
292726
690777
544438
412024
333354
516140
46151
305029
143511
50138
92321
6784
366099
111151
661267
201399
693187
318151
676454
655214
694762
436448
554074
106449
598343
564959
435188
639283
697996
3440
376575
13554
423370
214694
425578
50404
24514
471730
355433
603498
251020
176907
339434
617119
288058
23533
112198
4077
341685
517804
388444
59279
247933
236198
165728
575428
94837
330069
508391
521986
333509
614118
535540
50559
122492
254799
100963
582479
20209
185549
479657
271229
362456
548243
617500
379666
571776
23378
383743
642613
270335
65867
701892
247420
31217
596773
116528
561527
220522
354071
377193
283183
261869
641885
333743
384362
190364
163858
695993
646045
78559
198482
646426
170167
40405
557606
549833
612181
310137
662729
548475
580472
457748
273199
121572
218118
163652
238100
73325
384174
592171
179670
396510
583192
115235
23933
696706
34752
623263
686379
680797
430975
178541
620904
601142
654418
201342
173808
289432
511479
565689
567059
385631
46269
133938
236355
264387
26743
474455
66864
140069
89458
246534
536579
401803
90922
289664
392189
125674
206608
372249
535623
637583
279942
179359
261557
663513
380702
435365
246625
621333
23886
107364
29797
70156
676774
266152
334543
703517
469760
130560
137267
288370
106246
673846
690173
197168
257191
376043
51994
192951
477444
587618
559686
486538
60657
550395
443731
441359
8593
419508
356373
32479
256024
115322
102635
226479
381474
166331
659148
144914
296891
525567
162437
132289
493094
146290
329458
479437
251485
110604
401540
22609
698222
690378
238300
52560
534453
682031
223071
543046
124372
308596
575526
380396
423918
407313
336027
534545
573644
288856
408611
599687
108103
571048
461129
330349
11019
519739
538938
697976
630343
234158
449738
622246
218216
688038
403958
481822
392901
356181
318548
517273
664778
623226
191350
111528
324220
527377
646073
627016
545385
348365
249536
653489
213093
4345
6670
659584
524084
545609
380393
448107
73447
123811
93185
20816
105529
497143
502638
498430
582477
550338
38536
540935
467245
665358
652463
85145
215567
321369
5841
54633
669734
255377
437274
611979
695194
443944
294396
512958
12385
674789
690218
521305
527752
77083
542121
633281
303379
67591
154543
179536
617929
628551
449623
378854
587589
124918
193151
96837
175439
198993
151470
138853
183522
317896
479985
607869
490992
503533
414507
503378
201154
127557
318363
22586
640113
589636
385019
237172
657227
539562
145860
297988
461794
324635
676843
72215
178705
163674
169052
354145
91819
49674
222150
4494
367570
702135
612363
587715
228500
49702
384773
429654
177260
703136
181392
111053
586452
566411
77377
266511
399654
658709
564499
590600
6176
264174
662815
184881
157001
561020
539026
684292
339846
54857
688786
436569
486144
323981
317964
8325
102836
702737
167131
280096
428705
348524
120301
37989
644087
633150
304500
337421
314691
598151
657173
320867
156006
342821
505748
313007
632993
67607
20131
266519
122464
438070
703088
337760
55731
43884
75237
158567
475773
242369
167815
198158
320045
17268
236147
257812
650418
269799
324386
258789
161631
4391
308808
46789
76364
108237
88948
3037
175844
109079
705029
27460
547149
430949
365220
332033
474834
440458
219752
244287
411979
116720
442446
461176
133988
407745
448140
513559
406697
66206
501500
568328
506070
103989
344269
582434
647698
433217
585472
552694
271448
584181
580154
112278
308810
674526
173463
512796
137816
393215
50764
278947
239087
222362
469275
373076
359259
211096
615787
59636
6454
410967
627964
512524
514956
265913
388639
185486
428282
703263
31860
699731
310276
341166
541161
348238
38525
8304
154715
176341
130671
640951
184441
369759
156993
653716
471987
516252
593964
381454
305041
600419
86101
226685
135775
330210
221751
253566
515696
379185
250509
547557
372596
289937
182403
642909
638176
220928
380365
522043
126422
511037
185826
40015
609948
71971
422883
375615
588223
310528
50749
622416
640099
572322
142782
69554
196212
93685
323121
5589
202022
302782
553146
303771
592720
464701
240360
253728
414782
620726
504923
270356
154595
690749
39523
58223
56400
462406
433838
373775
502086
213739
289872
435865
79741
161806
505420
275954
690963
122221
10695
186665
425003
292993
490436
40555
51374
459949
294283
195308
374355
528358
194816
528950
512787
234339
316325
569187
696746
43843
236643
492512
693054
255667
222058
66475
417473
456630
342429
402116
308003
353124
588781
462158
375269
102050
502714
426644
561999
526149
351104
230034
348188
545921
488136
154655
73940
98141
452995
499838
577456
418790
286031
564190
674457
237241
359817
385610
423023
431399
516878
24706
513675
128491
486864
182625
230541
12410
609269
86220
538560
689525
45406
615900
529126
262694
64235
603067
89987
246382
125737
667443
665172
411768
254465
633309
378161
614283
41751
94864
339362
558629
119570
582189
687121
335587
58494
211342
347997
396915
26715
180237
380121
507593
89817
202927
63968
589525
535146
153955
129587
660884
550551
523912
95484
98696
450901
202798
442131
221805
297662
510645
74114
146385
386515
490387
481972
445009
430882
123649
135605
457597
33039
515726
258870
558328
447805
51990
170685
5784
205946
29425
395820
50177
553337
491304
584345
27070
694102
49309
248875
14597
559954
52142
160982
675621
542529
372106
414311
267091
224907
279068
453840
257946
523946
441863
545427
265431
493853
9792
367
428951
474689
396187
208280
321706
181172
86306
348777
604426
571087
326804
619023
424721
378946
509157
123175
650628
174943
266638
646871
399851
545706
123544
386949
363332
565407
226056
357915
82092
671321
87435
511044
439690
483622
13004
55077
664794
534782
133006
292053
399549
459810
204756
553423
567909
443066
676598
512217
618009
236916
452768
311540
511774
576312
698490
604258
164551
653698
691325
246644
618699
72440
486840
81222
556063
228996
136299
243689
492931
704777
535742
186160
187419
469651
468735
49008
206397
439013
561225
553558
405081
36826
594251
210535
342290
315573
108473
506842
262951
93479
482638
610803
165919
698630
692025
15662
221306
557476
694824
7917
555933
524246
629550
472504
16729
391965
521513
658598
560131
105570
505837
258892
577868
393768
469428
213839
3021
307053
449833
701444
129684
226151
335079
295604
653933
320784
40418
168919
607412
28922
612309
186177
282321
535539
658682
28202
656656
473875
686801
510467
308597
215470
498512
180146
609238
697092
393985
341411
297825
572970
65687
427510
92801
400767
452266
475886
450703
221836
644805
351796
250759
279946
267125
262232
544637
219487
290434
224126
422514
67
28273
24792
215537
255937
640410
553927
246709
328075
624490
273687
194725
690178
430349
16678
113777
176295
492564
293632
398131
160201
374580
378042
169300
641706
369426
7617
590345
659861
667215
306540
659928
695489
60484
604618
680578
700894
452225
220968
51801
370396
223807
681998
83406
654156
427828
632655
559603
649544
219967
686886
538897
594548
358609
1877
529934
457187
444967
143111
410728
405862
449651
93489
124183
239287
698107
98442
669333
173164
48562
14814
543560
1521
425964
356118
655677
147472
282453
238112
90696
502421
218678
629594
119801
306439
631471
378887
57307
99270
521998
197187
505133
700802
19828
358468
233769
11615
456910
632255
620252
234624
647069
186644
236145
95866
542763
620974
243338
554368
152766
334035
79621
100597
692781
199422
136188
347084
307461
193495
446355
123140
119835
680640
117622
139663
332788
80543
586751
518851
6478
500683
482627
382700
416479
12453
478566
252922
633427
15584
100971
515346
78771
616064
615943
500704
109167
481283
141469
416628
403931
316976
268920
523766
291296
386542
392581
353236
196238
2164
601239
202716
231999
377547
585416
648479
119152
86814
195081
481731
102399
25204
290757
616642
641269
635852
411027
479588
410816
281648
625368
108427
598624
187969
361345
619072
303663
47606
701460
229053
49771
596380
431770
281770
703079
40018
223929
115911
126833
148163
326794
664704
608839
346704
304178
272940
276236
444357
46208
416204
19685
400729
253783
618309
588698
344280
531061
621513
121039
255354
144247
606282
580886
305169
617204
577645
74339
134814
422708
636644
12129
43182
324180
350120
389886
628359
623061
395275
366396
669269
540631
386082
92830
523567
27223
410680
161527
287437
325874
11718
542791
199273
618000
417357
504442
528885
288682
307933
392851
440542
238258
404980
212876
562438
48780
602763
484477
671841
20870
580026
363943
290653
695260
185925
107900
16163
596606
704900
303600
651632
10298
575543
144585
628299
286580
378179
180016
304414
686112
572867
38636
218050
271527
686985
509641
49459
312580
16950
450453
333450
596976
543548
353255
585916
23153
461156
331232
348911
188888
363984
294223
634658
233208
438808
285789
519788
546139
465805
553355
255084
332352
321143
473134
333031
301808
5607
111643
614388
22558
562096
676990
619534
128476
323926
228283
587101
514234
559515
229693
703122
217179
523916
631460
450387
691877
646402
699328
531696
405887
546363
80460
31920
596658
282747
364951
192147
288354
476594
100215
40064
61522
506358
659599
625470
123964
617034
506252
638198
470229
465097
364152
416560
282693
18444
596100
703722
664846
318260
258251
364414
593775
67863
125486
484113
79762
490437
676260
368117
696184
505628
408181
486858
305666
90612
406009
158782
1326
641413
526132
200707
400190
183964
346420
412035
202408
236200
138590
596407
554460
396841
689973
171067
464704
109139
655180
544467
328728
354273
641736
47744
589053
72749
534603
623871
598834
669764
76333
329312
334009
602465
530020
463351
515581
170120
604538
447141
135472
36808
337228
419084
433649
320881
590151
627506
159172
268163
194805
487901
622436
565693
535645
505169
367594
93080
151872
260108
56524
228205
589421
390533
559822
142273
583036
369083
41545
481255
545377
177017
518063
176285
596101
680865
226319
209084
331203
385491
477247
526008
602544
122516
114533
431870
356837
482127
524950
508710
35916
310627
466067
354489
430312
48722
225914
307029
146957
267459
81964
692334
173628
600027
597772
498881
574572
117771
1645
199455
232414
208044
454615
128639
330560
569148
560509
687398
74108
108291
218940
110024
418918
685007
193665
142911
27409
419579
179092
174367
416190
261056
160381
589818
154763
487305
382379
458488
605076
384024
387095
566643
321220
570863
695282
651781
162843
278623
632859
236951
116066
145479
76127
534985
559638
269792
407048
587048
418523
586140
490567
128393
576348
380100
447363
460263
161086
123422
212431
495314
236598
328679
355637
557819
193222
344599
232432
85217
352374
158971
322169
468441
33602
398296
26258
322392
397241
162458
638592
109444
477750
422839
673310
347778
532092
143505
537193
422330
266928
43305
211324
232678
101136
566962
519649
23510
640713
45761
108727
15920
640204
430896
213513
402958
122873
239771
19031
249266
131381
657623
87862
609131
103295
490324
686061
635387
633830
516934
351397
629910
289391
291873
156268
119679
152515
675918
143189
522381
15359
251917
267453
384716
411965
480966
81354
263990
14417
100385
513256
581270
51689
601119
213233
590456
385123
628446
519523
312633
168212
600072
236223
457604
185625
121644
577283
67293
526714
449625
318826
271225
430694
586279
655941
136339
360925
30976
400330
104494
131361
642738
685764
618522
266689
628149
502658
651813
550275
45013
693598
12167
645085
658974
198923
559863
509770
69887
356308
330164
248664
675134
601389
679358
284245
551011
109377
374322
581987
238859
478816
442500
175278
187412
354703
171119
109241
151041
116612
388668
196055
539363
400835
570292
221169
599759
152987
24619
398798
509295
83935
647462
207261
685324
349652
491506
259167
459029
159508
570306
427041
367476
306487
331471
284040
661190
502590
122433
541383
348355
511101
466590
616870
641089
59715
131719
534528
212702
591810
662478
451150
675745
603620
658411
383901
246952
443598
372221
435133
332258
236207
591326
428887
542694
216477
6607
226716
448220
129041
497252
90255
369294
257522
805
304063
46389
567996
567743
259092
182638
523901
3922
587535
150353
391485
700588
126457
128763
366489
561591
190174
602697
446597
619061
168223
392227
354820
394940
134127
213013
185872
659854
311460
172546
389811
615523
218936
251487
476947
207180
434125
23680
646574
44492
174034
331739
38760
300491
189655
405250
591234
108981
30779
60664
457194
199002
452891
105694
593942
316170
47860
508966
269704
359320
410665
659515
703995
358753
640154
474622
565933
97111
227455
506187
141603
401489
567078
180363
701980
50413
314765
316047
594866
345544
376711
345740
544547
123282
451435
161321
439452
228447
399440
438308
587767
103785
391503
585442
462538
54489
82897
51303
151600
310352
286642
22355
440993
147400
202718
165805
633286
246636
481852
521832
592180
152243
161253
430407
4677
341840
320881
173281
570287
14001
611589
180886
117786
25924
495480
309476
80413
307529
360779
667485
347033
647421
689840
81706
88501
621711
682984
450939
162027
458516
266452
47887
339912
156857
207447
344589
227849
528328
517871
91816
542329
423140
1854
389267
178217
497334
698743
258630
98544
353202
655268
445577
294303
638788
256436
111956
283331
233100
562896
445358
691616
558500
222398
325208
9037
429845
398950
672358
251853
210501
493326
523334
362793
495180
206281
541010
15346
198704
528793
113890
281058
477741
288620
575361
139361
274208
416469
422693
507308
273045
161731
221756
560697
384129
276117
298886
543126
675067
264924
524131
614720
51930
341145
271193
547110
276578
105884
291609
204434
363829
134651
485492
135250
423271
83685
3763
697479
500155
426456
227619
502352
317340
449376
85882
430621
19173
384768
267428
423392
649693
520711
331792
430775
155537
602985
718
161267
438021
292327
94854
95530
426978
580346
666252
579402
393184
670016
299713
622491
119304
527333
147675
436644
270389
233557
160946
18714
618326
157526
442106
290851
407389
67578
15306
292078
670563
451496
453346
131417
37503
548200
226947
193634
151378
622352
66716
544562
586048
366429
189885
705352
187442
337561
164829
186983
571118
54927
205697
212276
647925
376955
503127
348994
444533
247586
641073
137929
699082
388099
269346
465738
665451
225445
659372
110509
576949
455240
384224
456677
115349
574109
184862
31944
205350
349691
654399
505621
133770
589249
11577
75375
259884
243857
424369
433570
220595
359122
571499
648829
476373
569997
408247
435504
524594
90451
275166
395224
545691
659390
581053
390193
256331
59595
422137
190834
138438
370216
696455
272208
253145
437184
347583
242182
681041
501105
675752
195316
153907
540931
573298
359433
133760
275225
88617
387506
94829
92935
76410
640520
46005
386616
324393
302337
175363
475682
493171
313802
139579
212458
315162
121876
649642
391898
364058
624364
186683
333490
548832
69742
603573
144962
429175
466485
420188
246945
583144
515017
339880
388706
178369
385886
69002
231915
417375
244366
1277
639698
287320
140856
145836
602482
698205
524630
288060
85095
171826
474743
147738
449811
544486
480463
594773
267341
676101
308641
243438
552925
552810
583319
235311
460332
698357
304314
692247
409412
548680
693524
71942
129680
563533
653250
461314
284570
471560
43055
369665
643387
246950
517403
386878
85116
20699
275331
81610
696800
313125
325048
543405
595087
637519
72396
349099
629556
105862
64178
332648
383694
51383
133742
242526
344068
80672
703841
628638
552233
40576
21135
489300
16678
267691
169858
101795
288390
174341
618877
278870
487466
673077
551427
105386
604277
352975
454485
527513
458838
247816
589314
136212
299199
16736
378739
372419
97409
105412
23889
649642
581460
45024
161774
598138
312715
60784
429085
330257
235125
341642
609127
451744
37552
183386
557130
641829
536362
34447
192174
288880
282263
75168
154244
310614
527377
262135
683033
353938
367547
602
26412
242687
481099
188186
134506
87494
684442
563591
146904
213247
634386
485183
394143
671938
668570
244953
336599
498612
8553
528773
516644
290816
333094
670888
601431
154151
662176
307296
508089
323403
37051
263653
295243
518150
451839
158901
334796
159113
451644
481700
372360
379710
260564
495656
74480
222814
469761
411079
450578
478314
669005
260902
62811
295779
660942
393394
179082
616798
700690
416323
669354
466893
679976
258277
278723
154647
417178
613520
313760
162502
118052
415272
271365
378616
204608
345845
330582
403522
486077
74840
175516
448762
64894
673799
473693
19517
90025
381927
365467
519868
91930
328501
280441
501058
315930
559165
655705
462260
195517
698617
624763
313569
407569
625280
692186
341330
700277
316448
38532
209186
120441
649520
387100
185335
617000
154473
640324
436177
536400
299472
249725
357482
357125
530167
152220
673056
112164
537077
428996
307681
529374
76591
621250
230624
431023
336268
301106
424981
381869
339638
363319
502310
282838
44100
687645
628990
634045
621650
358848
464126
214802
337725
550760
301079
161572
702981
703287
2888
262890
155116
310569
85945
231707
660972
45721
391883
20072
346827
546016
401941
415617
203015
197931
698455
247115
179257
350278
174841
94587
438278
368119
38541
69683
212559
68772
666728
644692
65740
669616
636735
220856
3018
16360
181715
393142
62081
573598
413214
138060
413294
108836
553677
345462
306767
545812
592577
215176
625242
496570
38915
357200
593841
512928
156036
535553
581701
116444
473925
647441
515212
404340
161977
247382
149852
72844
640524
647405
646443
347419
79145
82569
185407
632822
428031
492174
201467
43441
436503
555861
269163
475418
206742
156685
282027
91930
692238
157408
208374
188995
534001
452738
322488
425130
700121
472340
497974
363477
413426
167249
4576
221723
249819
625455
583698
407002
411310
78845
179595
576965
634706
448759
346063
570600
605444
357242
662530
591362
514650
600056
74037
71483
75627
396525
496613
69428
598018
288268
432905
34276
184669
166634
255999
434488
85769
133377
570643
226231
647694
43918
96876
305233
221829
172092
169513
120953
529334
561196
441467
66817
184084
244657
138300
259711
370334
634914
329139
262032
652334
491197
296308
130683
386983
281460
294324
201904
143989
158647
428136
85364
638037
254164
390597
153547
426256
289262
3652
684743
579610
445120
45240
57375
689777
183540
317086
353791
547606
375378
344976
493620
595727
370436
353456
276390
381048
647780
478294
525038
535579
635582
339554
196448
183427
459303
349995
338835
477717
82800
317258
351008
257072
91650
408383
240529
4343
454621
323472
551949
123679
397600
339250
13086
497189
692706
18628
171917
363318
496923
696955
192577
155337
59341
389025
67916
518644
468173
406752
290042
280125
453162
641050
537197
273965
72265
506878
278308
526886
559502
123937
379718
250783
192339
121956
41652
614197
140585
649041
271195
366660
639677
192924
521997
428170
311102
589914
240495
508427
19498
530537
82232
201812
194419
348581
475777
702156
149139
47765
522722
437793
607175
631592
688576
93194
47229
459380
436544
187814
402102
1419
554474
64611
629816
99303
492781
670070
689217
462428
472177
437867
15797
283561
639680
645688
361294
409137
641524
510433
186055
187079
241906
86910
112351
659635
615576
595052
141847
345800
76546
273101
76372
360172
66864
706188
459476
288798
399090
171525
44906
600419
609393
496176
177660
271905
435544
268106
681042
370749
72219
596249
557828
43277
412311
399331
432064
321568
288064
573912
667368
93762
576165
472892
453935
643030
201912
642563
225508
601002
543240
705886
495101
175465
495742
401913
447370
224967
670019
151245
595716
471390
41174
176376
243820
453486
304859
675884
504206
592923
272628
194406
415838
142474
667299
163453
514656
162891
535168
33844
493046
372088
33410
281827
547554
258305
412893
288604
483272
376592
169001
101820
577135
210176
7348
114635
392814
312207
519671
190700
634283
85980
385106
72953
663926
346085
236406
472262
238129
500726
235258
24855
601966
704140
35834
172352
256125
448727
190109
468549
554472
359110
299521
425287
569286
306869
269074
255780
348229
82425
175632
5344
603877
560739
78297
290635
200504
43855
492049
438633
273733
20987
192640
169379
454280
228475
341732
4085
677202
260993
201787
254506
620103
501308
679793
212222
537330
678019
197154
179239
489597
372787
620055
387154
227206
698352
406942
156862
471359
192671
324648
38772
649131
517288
208151
397091
474915
279035
130328
445798
540028
332115
700304
453812
562576
402930
395186
393586
103781
592340
301977
593378
258807
215712
3365
215165
207744
410307
372028
679103
332130
696676
11555
274941
236796
655178
672032
5392
227894
96041
180342
497074
157308
609798
680038
13564
35560
368904
136302
139342
254925
438279
461872
242884
653991
465237
458050
590887
604696
123758
292822
230507
549586
33529
234600
515534
688708
200313
520926
645754
25506
430420
436508
618286
333899
410227
361003
98611
508283
497305
237953
56888
229265
699826
299773
176936
187895
51503
61504
521744
610733
83478
45931
453999
117008
280531
698685
99396
209996
242444
38830
670974
672864
204490
312093
29595
343869
673096
128207
145833
193233
95312
638193
422498
524290
231646
328587
5866
12301
119243
527610
623034
202721
302693
99865
319729
312376
527703
419125
251525
63827
187107
651651
30371
120750
257424
495439
193771
659672
352798
339604
146586
448110
630
569084
266081
232276
626823
1099
680050
39746
257861
325916
242468
289706
154934
291349
331234
682637
439627
582759
40144
355886
257243
505987
476636
243819
24258
670408
197172
377056
32844
343758
118847
33474
641994
114080
701223
291650
550651
404105
331396
537664
23701
303016
556522
614107
594366
181436
319576
56825
493348
88872
412711
44271
594860
618500
17242
348270
311740
214414
19007
344584
287324
573326
107211
658471
687406
537586
243801
260889
235371
304349
92233
694544
607366
648755
602332
224564
559343
215588
281389
346371
304461
423252
119794
628473
335432
137037
270423
647172
80603
18582
285437
367928
591908
121800
49231
572994
659386
293032
563035
623909
597381
655268
612133
227579
326855
237297
181295
179879
452886
191836
255402
486499
615089
375197
137804
244201
241386
408227
620526
321989
155962
635115
689917
41550
50595
32828
343697
439133
55012
200412
356722
381546
584833
698007
338277
205368
228985
519573
114399
411023
440561
98954
191202
349330
474151
329006
322684
444689
466385
236890
60358
622347
165685
479428
663898
651752
241408
30427
384565
296421
230839
470439
407119
544824
462126
39076
479345
691111
558649
593744
395814
292891
692698
587016
371373
189681
645174
423209
634370
134392
660099
423881
485891
554936
196989
172621
500368
438397
203048
614085
463970
433888
378204
164769
272392
134011
203846
45417
118802
491647
368314
243769
513690
83844
559937
614216
2678
498792
331105
366200
362336
284885
83761
141907
568973
9902
314529
92174
448300
517577
706259
641422
680617
107296
99872
682162
241307
303718
21259
89261
524517
118725
333030
331888
638042
622120
239784
640720
414592
570889
300600
506080
584926
113514
647987
176732
123416
256196
268906
300868
67454
704317
235971
41751
105293
64995
17593
346600
97865
474325
165014
622382
322202
227196
683422
253924
142996
652358
188324
286740
246080
218077
86500
124686
331591
28168
30570
184159
13516
299476
485028
80970
297474
450151
558194
402767
244298
304939
478520
342163
508416
372686
258225
124299
599882
670800
378223
472031
616838
295700
52451
156598
242929
574424
10437
574520
331744
41007
487831
345260
340484
702011
426231
367110
174994
7257
499029
419292
312196
271229
55135
549765
643915
42513
674064
266630
6993
75119
32341
352983
99971
84792
509582
342900
388368
249171
646572
13792
290178
157236
359053
359814
152927
514436
456076
327922
521693
248786
40894
563041
520015
531502
406486
186763
303167
103382
453393
310160
613974
485734
392295
443097
299678
631029
79678
688047
173880
455402
430991
464059
612638
83724
553025
494718
598160
302782
116320
142685
551568
592686
705727
94415
147020
135045
281178
450187
673900
463723
489499
310706
243137
175475
47483
271968
100184
562633
689167
274065
311716
413838
467276
653506
497563
43133
441904
118555
345915
287376
261241
626635
609215
696120
14731
49915
560317
25061
500103
527897
488785
12434
567755
25602
187909
615239
26722
17246
471552
9569
20463
512420
423408
487739
459607
650123
530872
630663
62358
605940
211720
323599
526255
550087
313399
540986
600002
167397
566048
122937
424446
77665
570844
285882
103267
52433
630273
565462
505151
395505
575031
525614
637078
21271
307033
119517
671394
567058
479332
27433
195830
420204
80184
15765
263971
122736
285904
593126
290133
581104
9743
443731
658769
309739
458765
491188
362173
382718
350330
161004
507376
654514
415771
438134
675785
16484
286803
640860
312694
59815
397445
508524
480020
477629
253442
37671
600365
539346
630797
619650
143282
369693
86214
95731
679432
544979
316071
64437
221378
666402
660914
457906
343748
370365
625192
313213
116001
205675
683225
157848
700962
374350
395524
474662
145660
648966
241486
475177
211144
601435
388508
354426
700280
474722
179309
402545
42533
495381
196134
699383
184615
150728
450969
528363
250245
369841
570728
95399
304668
547634
688719
28463
215664
377923
503125
90476
320570
473763
565654
260866
98031
683314
615293
91991
180868
523754
223688
658873
312815
419823
651937
226582
299703
125738
484097
279101
224732
348506
374500
529400
189820
356899
557863
134636
463974
83821
660585
78224
286736
519919
339091
384767
226065
683536
205911
136085
500970
429599
88638
542938
143102
34255
498672
442806
159994
276450
15587
384726
354108
119239
643278
273080
205290
223974
407716
669264
36947
91133
476641
323683
611052
544884
2131
566269
251252
208042
702354
45902
637641
84673
317992
509896
118928
110345
681854
8074
115947
426593
121952
470055
545832
58911
36815
480274
12037
173683
443218
48984
264817
649011
372667
605021
487575
103950
464971
467979
41144
190157
513882
407938
274830
561026
211514
122911
400523
622520
566457
516470
342793
688410
280205
617777
476473
46172
391731
488510
655328
564101
266646
649297
235945
368465
277150
452672
472416
471273
214332
513560
661431
457366
650650
665413
312072
591316
82004
6276
507516
377614
522746
143989
359704
532104
55446
565329
307428
176329
347519
691908
469583
614165
634885
705528
276310
641188
181032
477878
406141
395364
14271
361252
146410
664921
49498
458483
549918
566974
193911
351114
238268
10337
224256
597972
271593
8854
186133
308174
620656
533652
293762
113071
170649
657800
547751
176112
592668
22463
383142
292489
417828
397413
382894
564238
85167
161544
45553
364237
22198
239464
444503
260467
685274
397911
587591
686019
406766
67405
287873
50254
330209
581636
163325
230011
533116
4756
406123
148616
27219
518417
170257
445047
644983
553151
32118
23830
8375
77671
117219
466046
46288
561722
20193
460714
688786
336936
440413
389232
404341
21967
439486
463703
603603
602811
693714
159551
607567
122669
37319
363938
641086
207576
102666
579749
489880
570256
332731
227407
377079
179102
693453
423367
469977
442798
177761
452443
73415
618175
570827
206908
369294
303993
670611
702049
635956
658005
155280
266355
509826
628071
630293
444593
129327
462111
47174
348359
326047
109058
575767
703127
17312
292052
420174
487289
28531
327088
233412
537418
674415
97919
38006
337389
131064
2298
333118
496172
389455
217550
56207
192962
139301
686501
366707
704100
171444
143033
346140
497492
687563
651059
494299
704876
236791
643625
485845
700794
699865
448410
531892
667960
275481
569899
299029
135698
301349
632147
631870
419956
578849
688078
342070
11830
397411
2457
9611
568855
580963
84903
89179
562206
29642
312630
560762
266433
685408
69440
260908
678953
247002
521952
369746
522483
385531
397927
658181
416032
323755
312884
129669
631756
294642
471739
643587
421205
203349
382350
12892
77992
467253
102072
369350
496895
143854
659265
492480
122942
457857
482540
531048
704859
298173
194474
250174
412856
592401
637508
122569
645308
244072
687710
570745
267866
182281
237164
689071
385630
619514
431115
192774
109599
533187
562125
606494
406194
244222
121806
529136
702079
604347
353864
700618
631672
277490
679944
67360
163572
611132
189929
538032
584356
606791
402457
145902
82753
639621
564125
197535
281967
288921
390310
391566
551260
681587
20892
251134
219489
142699
73951
650720
476198
156967
645018
130702
434458
347794
198062
327182
252607
117144
158894
130643
17615
290504
276546
535840
659277
569823
27056
234925
152424
146518
355643
703685
121785
376536
683971
70426
248387
487074
14826
453737
644042
388996
584439
101332
30470
76181
428514
12229
628797
316560
142873
375565
607064
148571
205085
560022
447546
667613
524099
599971
107811
173422
326488
665068
549958
304139
464646
527497
84894
208624
274914
458088
326772
153033
559420
357243
664687
10766
98624
316316
327326
241497
691881
228071
119220
626119
517245
566767
587412
335024
189570
424376
508446
245210
112276
81237
549349
306075
337886
363395
514699
612801
550635
135152
494986
403735
221547
182505
143653
320171
498822
470980
290821
484383
428203
139193
133334
239128
435112
449899
574152
353834
167955
105430
599044
9383
622139
171226
315458
253706
534621
559310
160187
378937
423614
384325
511824
645161
566831
655478
694484
359333
420138
278985
572868
577493
147331
706203
110301
582443
178934
413605
229958
346889
248187
122682
85424
164007
23060
130035
146865
557682
418497
36204
665771
135791
420529
471275
510104
10192
149585
498268
369525
298875
506406
671546
170048
653737
400581
280349
259012
579515
423106
218122
655556
671294
69957
470132
564453
93017
600167
4998
650699
312344
41202
339302
448135
190883
104258
687391
201076
689315
479340
299753
281871
279426
264979
451919
662315
394712
461421
650479
267907
178207
162282
652615
578653
232239
416428
436786
325256
310275
441784
705108
351772
212138
338090
529059
132174
171500
510131
333250
154496
283151
633003
436367
291729
627135
617438
683196
315527
372539
627355
312587
550747
83317
258882
423080
44708
675310
153547
99117
8418
324483
97905
360190
265774
165147
182929
397948
65800
422212
460350
655768
434515
116185
385815
455396
37000
26085
432272
81680
398625
82460
394267
243052
165777
382301
395284
645958
80444
277983
38755
88862
331619
136660
178204
597393
30959
90285
18173
96759
512498
478523
46207
240693
594708
161174
696090
360861
187260
422042
442541
585885
233654
565960
558089
128584
677413
247053
68222
51537
254189
106977
575871
585808
679109
47755
476881
439220
138041
224206
535980
650539
702729
311339
620384
320269
472514
610154
681130
388926
55029
146503
703963
288683
441615
555732
417267
412709
531937
214641
193398
79806
321618
62950
665614
23559
110705
165327
462780
684218
389533
292440
628437
385942
332931
542502
435364
99125
175488
410174
217203
230517
285830
214846
248353
21125
499730
394772
162986
325348
609414
356385
134306
660184
419335
93601
683744
259192
694400
440204
237091
377614
461796
594680
492708
88407
160014
221752
623005
335503
361079
133888
295172
376061
77887
272677
126338
577617
667450
289325
632117
570544
645710
60104
524408
87877
589177
230984
347069
577257
671188
313312
684023
155816
201673
470412
679696
361687
421316
596381
697190
511547
459421
15195
616760
537308
287872
36779
137758
249002
326104
63555
548698
700966
123659
366787
82523
6516
597771
158744
312926
291792
472057
290629
447608
673730
490193
150136
329097
640662
40197
49120
175041
228771
64315
85482
495231
352187
122261
632989
601190
177517
696545
172720
172163
549356
539507
254686
285025
160111
413430
597951
181055
614639
182260
357815
582049
401606
507952
640299
335948
277301
689419
510989
506072
47414
596471
24136
128753
447884
657125
459095
625401
376502
631816
91244
655011
194155
75082
233716
354266
217665
125347
264473
125984
36759
622289
437186
167517
423921
371165
503465
701222
354264
37287
230127
130830
633758
254263
695055
104475
640540
447831
23556
39875
102479
550273
694886
296634
625355
222282
380053
572172
76781
644526
427309
549012
289647
158175
10210
7248
529340
242827
437623
612756
280114
667750
472738
643025
651165
461473
41180
585385
638456
500208
354412
470087
344161
342978
495874
698669
294412
169607
564521
100345
543285
285510
649358
126613
443685
388720
133861
702177
360699
300636
608613
640814
697538
104183
306671
642383
294809
77003
250601
662417
577211
605013
426185
215053
241672
215739
207402
265236
114498
65603
365582
657783
80266
37772
513548
523951
155644
376562
248961
516343
677198
151254
179989
668417
690910
215812
604480
279399
292815
584233
670968
163707
482927
119985
378760
453751
335724
315314
12667
179374
380917
107401
130838
190335
580645
644386
7967
29969
43780
256928
275465
14659
137334
455454
683076
557396
400419
310388
565947
693234
623774
530596
150621
400381
650581
258533
583284
9138
573847
325103
188512
683917
432505
48502
167932
306830
422041
175899
65952
465821
161979
341417
480480
28466
526023
186388
585862
220122
225929
445490
207037
143383
269766
86810
272916
649499
345344
585352
658637
212871
204135
140830
190468
365792
624804
358401
401775
340525
263452
467727
100027
154584
102824
309659
183050
357999
496048
62592
307274
451129
508082
514311
323664
507000
330273
596580
450180
675617
475612
131649
617641
408899
1631
101789
68372
626436
189342
470147
260641
452795
231554
89820
336531
63530
399480
519581
150681
624680
582173
457955
369489
113088
701418
693153
349240
325372
312565
528572
294669
517329
389374
641462
219908
391005
36932
288280
311121
661746
52107
300915
137373
12813
390735
473904
511815
519367
287165
662497
166879
598491
414132
536368
440731
409231
252353
83651
28283
294070
341376
52104
105079
24430
693567
54140
415435
459651
342420
455709
415077
123680
485776
281603
571965
605663
49187
377461
418711
336353
333638
585590
663996
41450
144791
398407
179833
126296
211210
643588
149519
552586
695693
690070
306168
412092
37890
450756
165423
109463
200145
309652
668615
685921
591255
534260
585264
369595
640873
26807
435100
703663
341550
392776
474266
215493
520335
654099
341789
25225
591368
491308
306964
309893
204211
342284
15665
242101
86720
616560
351564
286865
655364
43011
701938
540300
577272
310035
639047
240977
336842
367827
238321
678392
54283
6267
187565
574618
660366
258507
328995
274566
478967
365111
584459
683178
1076
329276
654432
87796
239516
28828
103814
188561
71840
99432
458013
378264
138619
390740
619241
475462
487719
151242
176686
542002
157509
93404
139452
547028
81063
468447
115274
289182
127239
699734
701513
563787
322690
649625
651583
291359
678453
484549
209072
43973
313134
396237
422237
451753
516129
64311
656367
297528
215553
126734
133210
102215
655610
1814
649243
465825
470261
493669
48687
326652
216235
43880
184119
538926
422657
564855
559437
394791
343084
62189
167916
656218
187578
319306
130804
703707
383617
80851
294915
328322
643057
157277
430537
592347
159091
102612
81004
358504
596282
565164
414309
541669
609044
598428
374275
325382
186115
662864
449325
258352
454205
617241
643722
641783
230227
68206
639170
342996
149058
663237
671319
85795
114194
124688
407295
2437
662773
488299
360942
552735
76295
68931
117236
685340
396511
491512
33554
311779
177208
482879
570131
631414
122952
236685
566877
353180
304892
228880
425328
453950
185797
390327
268897
29144
515016
676192
467053
471469
187324
557147
47036
263619
626078
164272
678111
45422
384936
440817
86353
562145
217376
385636
216391
69481
622321
76948
151813
220893
305828
577141
403995
491626
261149
402045
249922
505317
101069
10655
705938
288393
567803
482126
281165
216713
375550
688428
697607
54167
422926
77640
345464
369454
463276
561855
168087
108430
367955
319900
58475
673784
190722
462471
188242
451871
158196
167316
686340
259265
177971
685958
276811
474926
190916
287128
691640
566466
704708
412079
349785
150466
489720
695249
249073
682148
279936
417160
519730
377044
30741
578206
344508
221463
63509
261902
402486
657177
158370
111658
645594
336341
526768
216085
540420
11364
232365
525740
577830
666226
231499
221296
110372
450371
645697
359445
155352
654786
505758
675082
325510
536499
276120
399170
487114
339629
661072
183280
290486
113122
294938
229761
178615
550858
174998
12715
562222
136516
267607
433732
96422
228259
384180
642266
678630
52710
295392
563134
1176
94830
261049
326686
360481
537169
19536
141275
170479
409760
53707
190117
252034
77797
419878
430649
628655
324029
172517
484557
460545
440124
647441
556967
668383
325302
222065
369846
378012
246609
662132
108340
70591
216861
435026
431072
47711
183714
572347
653662
593474
626054
137459
139188
703851
557338
298989
355338
610519
471506
133575
364744
640783
74697
650863
602846
129151
166608
701844
236315
413218
657657
344655
483809
168198
73361
644034
651381
257075
239213
598723
579701
158948
29863
12569
591951
316353
311558
240970
220552
512217
103697
314448
446680
178394
258991
72358
36697
154751
67883
273012
297121
454692
617667
74611
622890
420180
447797
297104
406407
687010
189507
279788
575110
654842
21509
460742
700347
62220
430864
214579
574437
263713
258179
43949
171260
517170
116307
207957
401074
619662
210122
698195
368034
556941
501958
13757
270802
243435
310861
406361
224126
229520
415302
92916
178043
165963
282810
172070
228183
442826
115802
531772
220
373981
575721
171480
620304
421181
379437
315058
334523
318711
306933
431710
169333
102572
445467
169287
346007
50008
304800
570133
279528
13782
392202
186723
179746
675012
358794
137081
411519
203748
668854
411739
577729
267407
312371
491713
688588
420960
100451
45944
33352
136537
477654
202685
239109
216801
371972
314268
702281
676772
613554
4641
419707
299436
191365
328605
703600
279311
465686
408799
483059
428220
549690
354468
424780
155741
575334
407048
576702
404937
452992
339206
541474
659798
541891
509735
170279
643015
553156
601712
342619
460390
606354
491478
488978
91399
113763
486258
99862
579450
624210
582921
30502
196732
666541
455282
81626
264707
156011
387480
669645
338155
20366
504799
291634
562257
37367
191065
228104
590523
86458
299875
344593
692812
85034
562723
513363
198797
71813
613225
71927
425175
218978
102430
621908
614671
557712
703534
173059
442875
113846
136384
510183
134212
370335
95497
425621
407702
15714
653725
21057
102172
247280
94802
88664
332314
657525
331179
260264
458491
673556
332191
177346
186214
163773
92934
94566
450638
525620
703097
622665
639466
133161
426528
502830
232648
251177
222131
369503
266892
605008
390560
369064
145969
485363
186881
207435
165720
518060
196851
624211
485297
258195
95238
400663
421968
623644
224381
601758
172097
221158
518104
540715
83471
238312
337226
316120
489490
288509
685623
50062
187198
99015
148278
62319
313530
335159
705226
479251
582372
195758
126294
90501
453953
657004
491164
605073
574329
9226
500512
475578
665856
41448
309973
43008
8912
376351
88280
498402
664861
503055
277616
145739
602070
155047
643530
209281
490206
642436
417684
366258
131874
273130
456759
314979
223815
677076
649205
527296
415454
443397
296554
374990
213997
335679
147150
222909
5711
235430
450464
670572
32165
457232
545463
363388
612279
482673
301821
396166
147941
448657
491576
8968
15467
677488
323947
674754
648244
266832
495730
86530
439381
521436
461520
653378
586268
608671
605440
591979
573253
349584
285383
334571
535968
559998
697959
441928
65503
293460
567246
213444
471269
352502
222412
486736
52822
546360
455171
430218
542344
680053
516748
4558
224322
271949
657936
104270
609772
286208
425401
205857
364944
4464
540428
194593
293614
261219
636521
359117
283831
497447
572561
48780
579101
88654
535517
361076
364166
13520
84974
635662
422725
601723
640220
376199
167352
320989
480469
506276
607197
635022
5813
265822
639486
275394
460415
662252
536613
119768
315049
114125
346367
181291
598377
654620
705417
427574
309376
363263
170246
394351
292605
322124
289754
661978
698323
186258
276647
472473
421686
177524
130327
156651
172498
63494
432045
362065
454898
697811
481833
63628
541088
557352
244919
433145
505653
244016
589872
544181
336431
489270
232212
358188
105074
251118
313846
97078
166528
590493
298703
588214
497170
429030
38546
669668
221676
199743
325414
676575
191234
536399
33883
26002
387432
7954
188300
622237
687442
71852
460098
46705
561122
421463
404893
666197
672581
447892
492427
